timestamp,NO2,C2H50H,VOC,CO,Alcohol,LPG,Benzene,Temperature,Pressure,Humidity,Gas_Resistance,Altitude,State1,23,0,25.57,1014.85,38.54,243.87,17.85,1
252984,30,66,73,818,2,23,0,25.57,1014.85,38.55,244.23,17.85,1
253980,30,66,72,817,1,23,0,25.56,1014.85,38.56,243.87,17.85,1
254976,30,66,73,817,2,23,0,25.56,1014.85,38.56,244.77,17.93,1
255972,31,66,73,817,1,23,0,25.56,1014.84,38.55,245.31,17.93,1
256968,30,66,72,817,2,25,0,25.56,1014.84,38.58,244.77,17.93,1
257964,30,66,72,817,2,23,0,25.56,1014.84,38.57,245.31,17.93,1
258960,31,66,72,816,1,23,0,25.56,1014.84,38.58,246.04,17.93,1
259956,31,66,72,816,2,23,0,25.56,1014.84,38.57,246.59,17.93,1
260952,31,66,73,815,2,23,0,25.56,1014.84,38.58,245.68,17.93,1
261948,30,66,72,816,2,22,0,25.56,1014.84,38.59,246.96,17.93,1
262944,31,66,73,815,1,24,0,25.56,1014.84,38.57,246.41,17.93,1
263940,30,66,72,816,2,23,0,25.56,1014.84,38.56,245.68,17.93,1
264936,31,66,72,815,2,23,0,25.56,1014.84,38.58,246.23,17.93,1
265932,30,66,72,816,1,22,0,25.56,1014.84,38.56,246.41,17.93,1
266928,30,66,72,815,2,23,0,25.56,1014.84,38.57,248.26,17.93,1
267924,31,66,72,815,2,23,0,25.56,1014.84,38.57,248.26,17.93,1
268920,30,66,72,815,2,23,0,25.55,1014.84,38.57,248.82,17.93,1
269916,30,66,73,815,1,23,0,25.55,1014.84,38.57,247.89,17.93,1
270912,30,67,73,815,2,24,0,25.55,1014.84,38.58,248.82,17.93,1
271908,30,66,72,816,1,23,0,25.55,1014.84,38.59,248.63,17.93,1
272904,30,66,72,815,2,22,0,25.55,1014.84,38.59,249.38,17.93,1
273900,30,66,72,816,2,23,0,25.55,1014.84,38.59,248.63,17.85,1
274896,31,66,72,816,1,22,0,25.55,1014.85,38.62,249.76,17.85,1
275892,31,66,72,816,2,23,0,25.55,1014.85,38.62,250.71,17.85,1
276888,31,66,72,816,2,23,0,25.55,1014.85,38.64,249.38,17.93,1
277884,30,66,72,817,1,23,0,25.55,1014.84,38.65,249.95,17.93,1
278880,30,66,72,817,1,23,0,25.56,1014.84,38.66,248.26,17.93,1
279876,30,66,72,817,2,22,0,25.56,1014.84,38.67,249.57,17.85,1
280872,30,66,72,818,2,23,0,25.55,1014.85,38.65,249.95,17.93,1
281868,30,66,72,818,1,23,0,25.55,1014.84,38.67,250.52,17.93,1
282864,30,66,72,818,2,23,0,25.55,1014.84,38.67,250.52,18.02,1
283860,30,66,72,819,1,23,0,25.55,1014.83,38.69,252.05,17.93,1
284856,30,66,72,819,1,23,0,25.55,1014.84,38.70,248.63,17.93,1
285852,30,66,72,820,1,23,0,25.55,1014.84,38.72,249.38,17.93,1
286848,30,66,72,819,1,24,0,25.55,1014.84,38.73,248.82,17.85,1
287844,30,66,72,820,1,24,0,25.55,1014.85,38.73,249.76,17.68,1
288840,30,66,72,821,2,23,0,25.55,1014.87,38.74,250.14,17.77,1
289836,30,67,72,821,2,23,0,25.55,1014.86,38.74,249.76,17.77,1
290832,30,67,72,822,2,23,0,25.55,1014.86,38.74,250.90,17.77,1
291828,30,67,72,822,2,24,0,25.55,1014.86,38.76,250.52,17.85,1
292824,30,67,72,823,1,23,0,25.55,1014.85,38.77,250.14,17.85,1
293820,30,67,72,823,2,23,0,25.55,1014.85,38.78,250.14,17.77,1
294816,30,67,72,824,1,23,0,25.55,1014.86,38.78,250.71,17.77,1
295812,30,67,71,824,2,23,0,25.55,1014.86,38.78,251.28,17.85,1
296808,30,67,72,825,2,23,0,25.55,1014.85,38.78,251.85,17.77,1
297804,30,67,72,825,2,24,0,25.55,1014.86,38.78,250.33,17.77,1
298800,30,67,72,825,2,24,0,25.55,1014.86,38.78,251.47,17.68,1
299796,30,67,72,826,1,23,0,25.56,1014.87,38.77,251.09,17.77,1
300792,30,67,72,826,1,22,0,25.55,1014.86,38.75,250.90,17.68,1
301788,30,67,72,826,2,23,0,25.55,1014.87,38.75,251.28,17.68,1
302784,30,67,72,826,2,23,0,25.55,1014.87,38.75,250.52,17.68,1
303780,30,67,72,826,2,23,0,25.55,1014.87,38.77,251.09,17.68,1
304776,30,67,72,827,2,24,0,25.55,1014.87,38.76,251.28,17.68,1
305772,30,67,72,827,2,23,0,25.55,1014.87,38.76,251.28,17.68,1
306768,30,67,72,828,2,23,0,25.55,1014.87,38.76,250.14,17.60,1
307764,30,67,72,828,1,23,0,25.55,1014.88,38.75,251.28,17.60,1
308760,30,67,72,828,1,23,0,25.55,1014.88,38.77,250.52,17.60,1
309756,30,67,72,828,1,23,0,25.55,1014.88,38.77,252.05,17.60,1
310752,30,67,72,828,1,23,0,25.55,1014.88,38.78,252.05,17.68,1
311748,30,67,72,827,2,23,0,25.55,1014.87,38.80,251.66,17.68,1
312744,30,67,72,827,2,22,0,25.55,1014.87,38.80,249.95,17.68,1
313740,30,67,72,829,2,23,0,25.55,1014.87,38.80,250.52,17.60,1
314736,30,67,72,828,1,23,0,25.55,1014.88,38.77,252.24,17.68,1
315732,30,67,72,828,1,23,0,25.55,1014.87,38.78,251.28,17.68,1
316728,30,68,72,828,1,22,0,25.55,1014.87,38.77,250.52,17.68,1
317724,30,67,72,829,2,23,0,25.55,1014.87,38.77,252.82,17.60,1
318720,30,67,72,829,2,23,0,25.55,1014.88,38.76,250.90,17.60,1
319716,30,67,72,830,2,23,0,25.55,1014.88,38.76,253.01,17.68,1
320712,30,67,72,829,1,23,0,25.55,1014.87,38.74,251.66,17.60,1
321708,30,67,72,829,1,24,0,25.55,1014.88,38.74,251.28,17.60,1
322704,30,67,72,829,1,24,0,25.55,1014.88,38.73,252.43,17.52,1
323700,30,67,72,828,2,21,0,25.55,1014.89,38.73,252.05,17.60,1
324696,30,67,72,829,2,24,0,25.55,1014.88,38.73,252.24,17.52,1
325692,30,67,72,829,2,23,0,25.56,1014.89,38.74,254.37,17.60,1
326688,30,67,72,829,1,24,0,25.55,1014.88,38.75,253.01,17.60,1
327684,30,67,72,829,1,22,0,25.55,1014.88,38.76,253.21,17.68,1
328680,30,68,72,830,1,24,0,25.55,1014.87,38.79,251.09,17.60,1
329676,30,67,72,831,2,23,0,25.55,1014.88,38.81,252.24,17.68,1
330672,30,68,73,831,2,24,0,25.55,1014.87,38.83,252.82,17.60,1
331668,30,68,72,833,2,24,0,25.55,1014.88,38.84,252.05,17.52,1
332664,30,67,73,833,2,24,0,25.55,1014.89,38.86,251.66,17.52,1
333660,30,68,73,834,2,24,0,25.55,1014.89,38.88,250.71,17.60,1
334656,30,67,72,834,2,23,0,25.55,1014.88,38.89,251.85,17.52,1
335652,30,68,73,835,1,23,0,25.55,1014.89,38.88,251.47,17.52,1
336648,30,68,72,835,2,24,0,25.55,1014.89,38.86,253.01,17.60,1
337644,30,67,72,835,2,23,0,25.55,1014.88,38.86,252.43,17.60,1
338640,30,68,72,835,1,24,0,25.55,1014.88,38.87,251.28,17.60,1
339636,30,68,72,835,2,23,0,25.55,1014.88,38.87,252.43,17.60,1
340632,30,68,72,835,1,24,0,25.56,1014.88,38.89,252.82,17.43,1
341628,30,68,73,836,1,24,0,25.56,1014.90,38.88,252.05,17.43,1
342624,30,68,72,836,1,24,0,25.56,1014.90,38.89,252.24,17.43,1
343620,30,68,73,837,2,24,0,25.55,1014.90,38.91,251.66,17.52,1
344616,30,68,73,838,2,24,0,25.55,1014.89,38.93,251.47,17.43,1
345612,30,68,73,839,1,24,0,25.55,1014.90,38.94,251.47,17.52,1
346608,30,69,73,841,2,24,0,25.55,1014.89,38.94,252.24,17.52,1
347604,30,69,73,841,1,24,0,25.55,1014.89,38.94,252.82,17.43,1
348600,30,68,74,843,2,22,0,25.55,1014.90,38.95,253.01,17.43,1
349596,30,69,74,845,1,24,0,25.55,1014.90,38.98,250.14,17.35,1
350592,30,69,74,846,2,24,0,25.55,1014.91,38.99,250.90,17.35,1
351588,30,69,74,847,1,24,0,25.55,1014.91,39.04,250.90,17.35,1
352584,30,68,73,848,2,24,0,25.55,1014.91,39.04,251.66,17.27,1
353580,30,69,74,849,2,24,0,25.55,1014.92,39.06,251.47,17.35,1
354576,30,69,73,849,1,24,0,25.55,1014.91,39.07,250.52,17.35,1
355572,30,69,74,849,2,23,0,25.55,1014.91,39.08,251.66,17.35,1
356568,30,68,74,848,1,24,0,25.55,1014.91,39.09,250.33,17.35,1
357564,30,69,74,848,2,24,0,25.55,1014.91,39.12,250.52,17.27,1
358560,30,69,73,848,2,24,0,25.55,1014.92,39.14,250.71,17.27,1
359556,30,68,73,848,1,24,0,25.55,1014.92,39.14,250.33,17.35,1
360552,30,69,73,848,1,24,0,25.55,1014.91,39.13,251.47,17.35,1
361548,30,68,74,848,2,25,0,25.55,1014.91,39.10,251.66,17.43,1
362544,30,69,73,848,2,25,0,25.55,1014.90,39.08,250.33,17.43,1
363540,30,68,74,848,1,25,0,25.55,1014.90,39.06,250.71,17.43,1
364536,30,68,74,849,2,24,0,25.55,1014.90,39.05,250.52,17.35,1
365532,30,69,74,849,2,25,0,25.56,1014.91,39.05,250.52,17.35,1
366528,30,69,74,851,2,24,0,25.56,1014.91,39.06,251.66,17.27,1
367524,31,69,73,850,2,25,0,25.56,1014.92,39.09,250.52,17.35,1
368520,30,69,74,851,1,25,0,25.56,1014.91,39.10,249.20,17.43,1
369516,30,69,74,851,2,23,0,25.56,1014.90,39.14,251.09,17.43,1
370512,30,69,73,852,2,25,0,25.55,1014.90,39.19,250.90,17.43,1
371508,30,69,74,852,2,24,0,25.56,1014.90,39.22,249.57,17.43,1
372504,30,69,73,852,2,25,0,25.56,1014.90,39.25,250.90,17.43,1
373500,30,69,74,851,2,24,0,25.56,1014.90,39.27,248.26,17.43,1
374496,30,69,74,851,1,25,0,25.55,1014.90,39.28,250.33,17.43,1
375492,30,69,73,851,2,25,0,25.55,1014.90,39.29,248.63,17.35,1
376488,30,69,73,850,1,25,0,25.55,1014.91,39.28,249.01,17.35,1
377484,30,69,73,850,2,25,0,25.56,1014.91,39.28,249.76,17.35,1
378480,30,69,74,851,1,25,0,25.56,1014.91,39.25,249.57,17.35,1
379476,31,69,74,851,2,24,0,25.56,1014.91,39.24,250.14,17.43,1
380472,30,69,74,851,1,24,0,25.56,1014.90,39.22,249.01,17.43,1
381468,30,69,73,850,2,25,0,25.55,1014.90,39.20,249.38,17.43,1
382464,30,69,74,850,2,26,0,25.55,1014.90,39.20,250.90,17.35,1
383460,31,69,74,851,1,25,0,25.55,1014.91,39.21,251.09,17.35,1
384456,31,69,74,851,2,24,0,25.55,1014.91,39.21,250.14,17.35,1
385452,30,69,73,851,2,25,0,25.55,1014.91,39.21,248.63,17.35,1
386448,30,69,73,851,2,24,0,25.55,1014.91,39.24,249.20,17.27,1
387444,30,69,74,851,2,25,0,25.55,1014.92,39.27,250.14,17.35,1
388440,30,69,73,850,1,25,0,25.55,1014.91,39.27,248.63,17.35,1
389436,31,69,74,851,2,25,0,25.55,1014.91,39.30,248.26,17.35,1
390432,31,69,73,851,2,25,0,25.56,1014.91,39.36,249.01,17.43,1
391428,31,69,74,851,2,24,0,25.56,1014.90,39.37,249.01,17.43,1
392424,30,69,74,851,2,24,0,25.56,1014.90,39.38,249.01,17.43,1
393420,31,69,74,852,2,26,0,25.55,1014.90,39.40,248.63,17.43,1
394416,31,69,74,852,2,25,0,25.55,1014.90,39.40,247.89,17.43,1
395412,30,69,74,852,2,26,0,25.55,1014.90,39.39,248.82,17.43,1
396408,30,69,74,853,1,25,0,25.55,1014.90,39.39,249.20,17.43,1
397404,31,69,74,852,2,25,0,25.55,1014.90,39.38,247.89,17.35,1
398400,30,70,74,853,2,24,0,25.55,1014.91,39.37,249.20,17.35,1
399396,30,70,74,853,2,25,0,25.55,1014.91,39.36,247.33,17.35,1
400392,31,70,74,853,2,25,0,25.55,1014.91,39.35,247.89,17.35,1
401388,31,69,74,853,1,25,0,25.55,1014.91,39.37,249.01,17.35,1
402384,31,70,75,854,1,25,0,25.55,1014.91,39.39,246.96,17.35,1
403380,31,70,74,854,2,24,0,25.56,1014.91,39.41,247.70,17.35,1
404376,31,69,74,854,2,24,0,25.55,1014.91,39.45,249.01,17.35,1
405372,30,70,74,854,2,25,0,25.55,1014.91,39.47,247.52,17.35,1
406368,30,69,74,854,1,25,0,25.55,1014.91,39.49,246.59,17.27,1
407364,30,69,75,854,1,25,0,25.55,1014.92,39.49,246.78,17.18,1
408360,31,70,75,855,2,25,0,25.56,1014.93,39.48,246.23,17.18,1
409356,31,70,75,856,2,25,0,25.56,1014.93,39.46,247.89,17.18,1
410352,31,70,75,856,2,25,0,25.55,1014.93,39.43,247.89,17.18,1
411348,30,69,75,857,2,24,0,25.56,1014.93,39.42,247.52,17.18,1
412344,31,69,74,858,2,26,0,25.56,1014.93,39.40,247.52,17.27,1
413340,31,69,74,858,2,26,0,25.56,1014.92,39.41,245.68,17.27,1
414336,31,69,74,857,1,25,0,25.56,1014.92,39.43,246.78,17.35,1
415332,31,69,74,858,2,25,0,25.56,1014.91,39.47,247.15,17.35,1
416328,31,69,75,857,1,25,0,25.56,1014.91,39.51,245.68,17.35,1
417324,30,70,74,857,2,25,0,25.56,1014.91,39.55,246.59,17.35,1
418320,31,69,74,857,1,25,0,25.56,1014.91,39.59,246.04,17.43,1
419316,30,70,74,856,2,26,0,25.56,1014.90,39.62,245.50,17.35,1
420312,31,69,74,856,2,26,0,25.56,1014.91,39.65,245.31,17.43,1
421308,30,69,74,856,2,26,0,25.56,1014.90,39.66,246.41,17.35,1
422304,31,69,74,856,1,26,0,25.56,1014.91,39.65,246.04,17.35,1
423300,31,69,75,856,1,25,0,25.56,1014.91,39.62,246.41,17.35,1
424296,30,69,74,856,1,25,0,25.56,1014.91,39.58,245.68,17.35,1
425292,30,70,74,856,2,26,0,25.56,1014.91,39.54,247.15,17.35,1
426288,30,69,75,856,2,25,0,25.56,1014.91,39.51,246.41,17.27,1
427284,31,69,75,856,2,26,0,25.56,1014.92,39.51,246.59,17.18,1
428280,30,69,74,856,2,26,0,25.56,1014.93,39.53,246.04,17.27,1
429276,30,69,75,856,2,25,0,25.56,1014.92,39.57,246.04,17.35,1
430272,30,70,74,856,2,26,0,25.56,1014.91,39.61,245.31,17.35,1
431268,30,70,75,856,2,25,0,25.56,1014.91,39.65,245.31,17.35,1
432264,31,69,75,856,2,26,0,25.56,1014.91,39.69,244.95,17.27,1
433260,31,69,75,856,1,26,0,25.56,1014.92,39.72,244.23,17.18,1
434256,31,69,75,856,1,26,0,25.56,1014.93,39.74,244.23,17.27,1
435252,31,69,74,855,1,26,0,25.56,1014.92,39.77,245.31,17.27,1
436248,31,69,74,857,1,26,0,25.56,1014.92,39.77,243.87,17.27,1
437244,31,70,74,856,2,26,0,25.56,1014.92,39.72,244.77,17.27,1
438240,31,69,75,856,2,25,0,25.56,1014.92,39.71,244.59,17.35,1
439236,31,69,74,857,2,27,0,25.56,1014.91,39.71,244.23,17.35,1
440232,31,69,74,856,2,26,0,25.56,1014.91,39.71,245.31,17.27,1
441228,31,69,74,857,1,25,0,25.56,1014.92,39.72,244.23,17.35,1
442224,31,70,75,856,1,26,0,25.56,1014.91,39.72,244.59,17.35,1
443220,31,70,75,856,2,29,0,25.56,1014.91,39.74,244.41,17.27,1
444216,31,69,74,855,2,25,0,25.56,1014.92,39.77,243.69,17.18,1
445212,31,69,74,854,2,26,0,25.56,1014.93,39.81,244.41,17.18,1
446208,31,69,74,854,1,26,0,25.56,1014.93,39.82,244.23,17.18,1
447204,31,69,74,853,1,27,0,25.56,1014.93,39.82,244.95,17.18,1
448200,31,69,75,854,2,26,0,25.56,1014.93,39.81,244.95,17.18,1
449196,31,70,74,854,1,26,0,25.56,1014.93,39.78,244.23,17.18,1
450192,30,69,75,854,1,26,0,25.56,1014.93,39.74,243.33,17.18,1
451188,31,70,74,854,1,27,0,25.56,1014.93,39.71,244.59,17.18,1
452184,31,69,75,853,1,26,0,25.56,1014.93,39.71,243.87,17.18,1
453180,31,69,74,854,1,27,0,25.56,1014.93,39.69,245.31,17.18,1
454176,31,70,74,854,1,25,0,25.56,1014.93,39.70,244.77,17.18,1
455172,30,69,74,855,1,26,0,25.56,1014.93,39.71,243.87,17.02,1
456168,31,69,74,854,1,26,0,25.56,1014.95,39.71,244.41,17.10,1
457164,31,70,74,853,2,25,0,25.56,1014.94,39.69,244.05,17.10,1
458160,31,69,75,853,2,27,0,25.56,1014.94,39.67,243.33,17.18,1
459156,31,70,74,854,2,27,0,25.56,1014.93,39.64,244.95,17.18,1
460152,30,70,74,855,2,26,0,25.56,1014.93,39.58,244.05,17.18,1
461148,31,70,75,855,1,26,0,25.56,1014.93,39.57,245.13,17.18,1
462144,31,70,74,856,2,26,0,25.56,1014.93,39.55,244.95,17.27,1
463140,31,70,75,856,2,27,0,25.56,1014.92,39.56,245.50,17.27,1
464136,30,70,74,856,1,25,0,25.56,1014.92,39.58,243.51,17.27,1
465132,31,70,75,856,2,27,0,25.56,1014.92,39.62,244.59,17.27,1
466128,31,70,74,857,1,26,0,25.56,1014.92,39.68,244.59,17.27,1
467124,30,70,75,857,2,25,0,25.56,1014.92,39.74,242.08,17.27,1
468120,31,69,75,857,1,27,0,25.56,1014.92,39.80,242.43,17.27,1
469116,31,70,75,858,2,26,0,25.56,1014.92,39.83,244.23,17.27,1
470112,31,70,75,859,2,27,0,25.56,1014.92,39.86,241.55,17.27,1
471108,30,70,75,859,2,26,0,25.56,1014.92,39.88,242.61,17.18,1
472104,31,69,76,860,2,27,0,25.56,1014.93,39.93,242.79,17.18,1
473100,31,70,75,860,2,26,0,25.56,1014.93,39.98,241.73,17.18,1
474096,31,70,76,861,2,27,0,25.56,1014.93,40.03,242.43,17.18,1
475092,31,70,75,861,1,26,0,25.56,1014.93,40.07,241.20,17.27,1
476088,31,70,75,860,2,27,0,25.55,1014.92,40.07,242.61,17.27,1
477084,31,70,75,861,1,27,0,25.55,1014.92,40.02,241.02,17.35,1
478080,31,70,76,861,1,26,0,25.55,1014.91,40.01,239.97,17.27,1
479076,31,70,75,862,1,27,0,25.55,1014.92,40.02,240.67,17.27,1
480072,31,69,76,861,1,26,0,25.55,1014.92,40.04,241.02,17.27,1
481068,31,70,76,862,2,27,0,25.55,1014.92,40.06,240.67,17.27,1
482064,31,70,76,862,2,27,0,25.55,1014.92,40.05,240.85,17.27,1
483060,31,70,76,862,2,27,0,25.55,1014.92,40.04,241.02,17.27,1
484056,31,70,76,862,2,27,0,25.55,1014.92,40.05,240.67,17.18,1
485052,32,70,76,863,1,27,0,25.56,1014.93,40.07,242.08,17.18,1
486048,31,70,76,863,2,26,0,25.56,1014.93,40.11,239.97,17.18,1
487044,32,70,76,864,1,27,0,25.56,1014.93,40.14,239.80,17.27,1
488040,31,70,76,864,1,27,0,25.56,1014.92,40.19,240.15,17.10,1
489036,31,70,76,864,2,28,0,25.56,1014.94,40.21,239.62,17.18,1
490032,31,70,75,863,1,28,0,25.56,1014.93,40.22,239.45,17.18,1
491028,31,70,76,864,2,27,0,25.56,1014.93,40.24,238.59,17.10,1
492024,31,70,76,864,2,27,0,25.56,1014.94,40.25,239.10,17.18,1
493020,31,70,76,864,1,27,0,25.56,1014.93,40.27,238.93,17.18,1
494016,32,70,76,863,2,27,0,25.56,1014.93,40.30,239.28,17.18,1
495012,31,70,76,863,1,27,0,25.56,1014.93,40.31,238.93,17.27,1
496008,31,70,76,863,2,26,0,25.56,1014.92,40.34,238.24,17.18,1
497004,31,70,76,862,2,27,0,25.56,1014.93,40.40,237.56,17.18,1
498000,30,70,76,863,2,27,0,25.56,1014.93,40.43,237.22,17.27,1
498996,31,70,76,863,2,27,0,25.56,1014.92,40.46,238.24,17.27,1
499992,31,70,76,862,1,27,0,25.56,1014.92,40.48,237.39,17.18,1
500988,31,70,76,863,2,27,0,25.56,1014.93,40.51,237.22,17.18,1
501984,31,70,76,863,2,28,0,25.56,1014.93,40.53,237.39,17.18,1
502980,32,70,76,863,2,27,0,25.56,1014.93,40.51,236.03,17.18,1
503976,31,69,76,863,2,27,0,25.56,1014.93,40.53,236.03,17.18,1
504972,32,70,76,863,2,25,0,25.56,1014.93,40.52,236.20,17.27,1
505968,31,70,76,864,1,27,0,25.56,1014.92,40.51,234.69,17.18,1
506964,31,70,76,864,1,27,0,25.56,1014.93,40.53,235.02,17.18,1
507960,31,70,77,865,2,26,0,25.56,1014.93,40.51,235.69,17.18,1
508956,31,71,77,865,1,29,0,25.56,1014.93,40.51,236.88,17.18,1
509952,31,70,77,866,1,27,0,25.56,1014.93,40.50,236.88,17.18,1
510948,32,71,76,866,1,27,0,25.56,1014.93,40.51,235.53,17.18,1
511944,32,70,77,866,2,26,0,25.56,1014.93,40.52,236.20,17.10,1
512940,31,70,77,866,2,27,0,25.56,1014.94,40.51,235.36,17.18,1
513936,31,70,76,867,1,27,0,25.56,1014.93,40.51,236.88,17.18,1
514932,32,71,76,867,2,27,0,25.56,1014.93,40.51,234.86,17.18,1
515928,32,71,77,867,1,27,0,25.56,1014.93,40.50,235.53,17.10,1
516924,32,70,77,867,2,27,0,25.56,1014.94,40.49,235.53,17.18,1
517920,31,70,76,867,2,27,0,25.56,1014.93,40.47,235.02,17.18,1
518916,31,70,76,867,2,27,0,25.56,1014.93,40.46,235.69,17.18,1
519912,31,71,77,867,1,27,0,25.56,1014.93,40.43,235.02,17.18,1
520908,31,71,76,866,1,26,0,25.56,1014.93,40.39,235.02,17.18,1
521904,31,71,77,867,1,26,0,25.56,1014.93,40.33,235.69,17.18,1
522900,32,70,77,867,1,27,0,25.56,1014.93,40.28,235.86,17.10,1
523896,31,70,77,867,1,28,0,25.56,1014.94,40.21,235.86,17.02,1
524892,31,70,77,866,2,27,0,25.56,1014.95,40.18,235.69,17.10,1
525888,31,71,77,866,2,27,0,25.56,1014.94,40.15,237.05,17.10,1
526884,32,71,77,865,1,26,0,25.56,1014.94,40.14,236.20,17.10,1
527880,32,71,77,866,2,27,0,25.56,1014.94,40.13,236.37,17.18,1
528876,31,70,78,866,1,27,0,25.56,1014.93,40.10,237.56,17.10,1
529872,31,71,77,865,1,27,0,25.56,1014.94,40.08,236.03,17.10,1
530868,32,70,77,865,1,27,0,25.56,1014.94,40.12,236.54,17.10,1
531864,31,71,78,865,2,27,0,25.56,1014.94,40.11,237.73,17.10,1
532860,31,71,77,865,1,28,0,25.56,1014.94,40.11,237.22,17.10,1
533856,31,71,77,865,2,27,0,25.56,1014.94,40.10,236.71,17.10,1
534852,31,70,78,865,1,27,0,25.56,1014.94,40.12,235.19,17.10,1
535848,32,70,78,866,1,27,0,25.56,1014.94,40.14,236.88,17.10,1
536844,31,71,78,866,1,27,0,25.56,1014.94,40.19,234.69,17.10,1
537840,32,71,78,867,2,28,0,25.56,1014.94,40.24,235.53,17.10,1
538836,31,71,78,867,2,28,0,25.55,1014.94,40.28,235.86,17.10,1
539832,32,71,78,866,2,26,0,25.56,1014.94,40.28,234.86,17.02,1
540828,32,71,78,867,1,27,0,25.56,1014.95,40.33,235.53,17.02,1
541824,31,71,78,868,1,28,0,25.56,1014.95,40.35,235.86,17.10,1
542820,32,71,78,867,2,27,0,25.56,1014.94,40.40,236.37,17.02,1
543816,32,71,79,867,1,27,0,25.56,1014.95,40.40,235.53,17.02,1
544812,32,70,78,867,2,27,0,25.56,1014.95,40.43,236.03,17.10,1
545808,32,71,79,867,2,27,0,25.55,1014.94,40.43,233.53,17.10,1
546804,31,71,79,867,2,27,0,25.55,1014.94,40.43,236.03,17.02,1
547800,32,71,79,867,2,27,0,25.55,1014.95,40.40,234.86,17.02,1
548796,32,71,78,867,1,26,0,25.55,1014.95,40.34,235.69,17.02,1
549792,32,71,79,867,2,29,0,25.55,1014.95,40.31,236.03,17.02,1
550788,32,71,78,868,2,27,0,25.55,1014.95,40.31,235.69,17.02,1
551784,32,71,79,868,1,28,0,25.55,1014.95,40.31,235.53,17.02,1
552780,32,71,78,867,1,28,0,25.55,1014.95,40.32,234.52,17.02,1
553776,32,71,79,867,2,27,0,25.55,1014.95,40.32,236.20,17.02,1
554772,32,70,79,867,1,30,0,25.55,1014.95,40.31,236.20,17.02,1
555768,32,71,79,867,1,28,0,25.55,1014.95,40.33,234.19,17.02,1
556764,32,71,79,867,2,27,0,25.55,1014.95,40.37,235.53,17.02,1
557760,33,71,79,867,2,28,0,25.55,1014.95,40.41,235.69,16.94,1
558756,32,71,79,867,1,27,0,25.55,1014.96,40.45,234.52,17.02,1
559752,32,71,79,868,1,27,0,25.55,1014.95,40.49,234.19,17.02,1
560748,32,71,79,868,1,28,0,25.55,1014.95,40.54,234.52,16.94,1
561744,33,71,79,868,1,28,0,25.55,1014.96,40.57,232.87,17.02,1
562740,32,71,80,869,1,28,0,25.55,1014.95,40.61,235.19,17.02,1
563736,33,71,79,869,2,27,0,25.55,1014.95,40.67,232.87,16.94,1
564732,32,71,79,868,2,28,0,25.55,1014.96,40.73,232.87,16.94,1
565728,33,71,80,869,1,28,0,25.55,1014.96,40.78,232.54,17.02,1
566724,32,71,79,869,1,29,0,25.55,1014.95,40.81,232.71,17.02,1
567720,32,71,79,868,2,28,0,25.55,1014.95,40.82,233.69,17.10,1
568716,33,70,79,869,1,28,0,25.55,1014.94,40.77,233.20,17.10,1
569712,32,71,79,869,1,27,0,25.55,1014.94,40.72,233.53,17.10,1
570708,32,71,79,869,2,27,0,25.55,1014.94,40.64,233.20,17.10,1
571704,32,71,79,868,2,28,0,25.55,1014.94,40.56,232.22,17.10,1
572700,33,71,79,869,2,27,0,25.55,1014.94,40.49,233.53,17.10,1
573696,33,71,79,868,2,28,0,25.55,1014.94,40.42,233.37,17.10,1
574692,32,71,79,869,1,29,0,25.55,1014.94,40.34,234.86,17.18,1
575688,32,72,79,868,1,28,0,25.55,1014.93,40.27,233.86,17.10,1
576684,33,72,80,868,1,28,0,25.55,1014.94,40.24,234.19,17.10,1
577680,33,71,79,868,1,28,0,25.55,1014.94,40.24,234.03,17.02,1
578676,32,71,80,868,1,28,0,25.55,1014.95,40.25,234.19,17.02,1
579672,32,71,80,868,1,28,0,25.55,1014.95,40.30,235.19,17.02,1
580668,33,71,80,868,2,28,0,25.55,1014.95,40.35,234.03,16.94,1
581664,33,71,80,867,2,28,0,25.55,1014.96,40.43,234.03,17.02,1
582660,32,71,80,868,2,29,0,25.55,1014.95,40.48,233.04,17.02,1
583656,32,71,80,868,2,28,0,25.55,1014.95,40.54,232.87,17.02,1
584652,32,72,80,869,1,28,0,25.55,1014.95,40.57,234.36,17.02,1
585648,32,71,80,868,2,29,0,25.55,1014.95,40.57,233.53,16.94,1
586644,32,71,80,869,1,28,0,25.55,1014.96,40.55,234.03,16.94,1
587640,33,72,80,870,2,28,0,25.55,1014.96,40.50,231.73,17.02,1
588636,33,71,80,870,2,28,0,25.55,1014.95,40.44,233.20,16.94,1
589632,33,71,80,870,2,29,0,25.55,1014.96,40.44,233.86,16.94,1
590628,33,71,80,869,2,28,0,25.55,1014.96,40.42,233.37,16.94,1
591624,32,71,80,869,1,28,0,25.55,1014.96,40.41,233.20,16.94,1
592620,33,71,80,869,1,28,0,25.55,1014.96,40.40,232.87,17.02,1
593616,33,72,80,869,2,28,0,25.55,1014.95,40.38,232.87,17.02,1
594612,33,72,79,868,2,28,0,25.55,1014.95,40.36,233.69,16.94,1
595608,32,71,80,868,1,29,0,25.55,1014.96,40.39,234.19,16.94,1
596604,33,71,80,868,2,28,0,25.55,1014.96,40.42,231.89,16.94,1
597600,33,71,80,869,2,28,0,25.55,1014.96,40.47,233.20,16.94,1
598596,33,71,80,870,2,30,0,25.55,1014.96,40.50,232.38,17.02,1
599592,33,71,80,870,2,28,0,25.55,1014.95,40.50,233.69,17.02,1
0,31,71,80,871,1,29,0,25.55,1014.95,40.50,231.73,17.02,1
996,33,72,80,871,2,29,0,25.47,1014.95,40.68,226.18,17.02,1
1992,33,71,81,872,1,29,0,25.46,1014.95,40.80,226.33,16.94,1
2988,33,71,81,872,2,29,0,25.47,1014.96,40.86,227.11,16.94,1
3984,33,72,81,872,1,28,0,25.48,1014.96,40.87,226.80,16.85,1
4980,33,71,80,872,2,29,0,25.49,1014.97,40.87,227.42,17.02,1
5976,33,72,81,873,1,29,0,25.50,1014.95,40.86,226.96,17.02,1
6972,33,72,80,873,2,28,0,25.51,1014.95,40.85,227.90,17.02,1
7968,33,72,80,873,2,28,0,25.51,1014.95,40.82,229.00,17.02,1
8964,33,71,80,872,1,29,0,25.52,1014.95,40.81,227.58,17.02,1
9960,33,71,80,872,1,28,0,25.52,1014.95,40.78,228.05,17.02,1
10956,32,71,81,872,2,28,0,25.53,1014.95,40.75,229.48,17.02,1
11952,33,71,80,871,2,29,0,25.53,1014.95,40.71,228.05,17.02,1
12948,33,71,80,871,1,28,0,25.53,1014.95,40.70,228.84,17.02,1
13944,33,71,80,870,2,28,0,25.53,1014.95,40.67,227.74,17.02,1
14940,33,71,79,870,2,27,0,25.54,1014.95,40.68,227.42,17.02,1
15936,33,71,80,868,2,28,0,25.54,1014.95,40.70,229.96,17.10,1
16932,33,71,80,869,2,28,0,25.54,1014.94,40.69,229.32,17.10,1
17928,33,71,81,869,1,30,0,25.54,1014.94,40.70,228.05,17.10,1
18924,33,71,81,868,2,28,0,25.54,1014.94,40.70,228.68,17.10,1
19920,33,71,80,868,1,29,0,25.54,1014.94,40.74,228.05,17.10,1
20916,33,71,81,868,1,29,0,25.54,1014.94,40.77,229.00,17.10,1
21912,33,71,81,868,2,28,0,25.54,1014.94,40.81,229.16,17.10,1
22908,33,71,81,867,2,28,0,25.54,1014.94,40.85,227.74,17.02,1
23904,33,72,81,868,1,27,0,25.54,1014.95,40.93,228.05,16.94,1
24900,33,71,81,868,2,29,0,25.54,1014.96,40.99,226.65,17.02,1
25896,33,72,81,869,1,28,0,25.54,1014.95,41.06,225.87,16.94,1
26892,33,72,81,869,1,29,0,25.54,1014.96,41.11,227.58,16.85,1
27888,33,72,81,869,2,28,0,25.54,1014.97,41.11,226.80,16.85,1
28884,33,72,81,869,1,28,0,25.54,1014.97,41.06,226.49,16.85,1
29880,34,71,81,869,1,28,0,25.54,1014.97,41.05,227.90,16.94,1
30876,33,71,81,869,2,29,0,25.54,1014.96,41.06,228.05,17.02,1
31872,33,71,81,869,1,28,0,25.54,1014.95,41.03,227.42,17.02,1
32868,33,72,80,870,2,32,0,25.54,1014.95,41.00,226.33,17.02,1
33864,33,72,81,869,2,29,0,25.54,1014.95,40.97,227.74,17.02,1
34860,33,71,81,868,1,28,0,25.54,1014.95,40.95,227.90,17.02,1
35856,33,71,81,867,2,28,0,25.54,1014.95,40.93,227.74,17.02,1
36852,33,72,81,868,2,28,0,25.54,1014.95,40.87,228.53,17.02,1
37848,33,71,81,867,2,28,0,25.54,1014.95,40.83,229.00,17.02,1
38844,33,71,80,867,1,28,0,25.54,1014.95,40.81,226.33,17.02,1
39840,33,71,81,867,2,28,0,25.54,1014.95,40.82,228.05,17.02,1
40836,33,71,81,867,2,28,0,25.54,1014.95,40.87,227.42,17.02,1
41832,33,71,81,866,2,33,0,25.54,1014.95,40.93,227.11,16.94,1
42828,33,71,81,867,1,28,0,25.54,1014.96,41.00,227.74,16.94,1
43824,33,71,81,868,2,28,0,25.54,1014.96,41.08,227.27,17.02,1
44820,33,71,81,868,2,31,0,25.54,1014.95,41.15,226.65,17.02,1
45816,33,71,81,868,1,29,0,25.54,1014.95,41.16,225.87,17.10,1
46812,33,72,81,869,2,29,0,25.54,1014.94,41.14,226.80,17.02,1
47808,33,72,82,870,2,29,0,25.54,1014.95,41.11,226.65,17.10,1
48804,33,72,82,870,2,29,0,25.54,1014.94,41.05,227.27,17.10,1
49800,33,71,81,870,1,29,0,25.54,1014.94,41.02,225.87,17.10,1
50796,34,71,81,871,2,29,0,25.54,1014.94,41.00,227.42,17.02,1
51792,34,71,81,870,1,29,0,25.54,1014.95,41.03,226.80,17.02,1
52788,33,71,82,869,2,29,0,25.54,1014.95,41.08,225.56,16.94,1
53784,33,71,81,869,2,29,0,25.54,1014.96,41.08,225.87,16.94,1
54780,34,71,81,868,2,29,0,25.54,1014.96,41.12,226.18,16.94,1
55776,33,71,81,868,2,29,0,25.54,1014.96,41.16,225.72,16.94,1
56772,33,71,81,869,1,29,0,25.54,1014.96,41.19,224.95,17.02,1
57768,33,71,81,869,2,28,0,25.54,1014.95,41.23,224.03,16.94,1
58764,33,71,82,871,1,28,0,25.54,1014.96,41.28,224.95,17.02,1
59760,33,71,82,871,1,29,0,25.54,1014.95,41.32,224.34,17.02,1
60756,34,71,82,871,1,28,0,25.54,1014.95,41.30,224.34,17.10,1
61752,33,72,82,872,2,30,0,25.54,1014.94,41.27,226.03,17.10,1
62748,33,72,82,872,1,28,0,25.54,1014.94,41.23,224.64,17.10,1
63744,33,72,82,872,1,28,0,25.54,1014.94,41.19,225.72,17.10,1
64740,33,72,82,872,1,30,0,25.54,1014.94,41.12,225.41,17.02,1
65736,33,72,82,873,2,29,0,25.54,1014.95,41.06,225.10,17.10,1
66732,34,71,82,872,1,29,0,25.54,1014.94,41.00,226.33,17.02,1
67728,33,72,82,873,2,29,0,25.54,1014.95,40.95,226.03,17.10,1
68724,34,72,82,872,1,29,0,25.54,1014.94,40.93,225.56,17.02,1
69720,33,72,81,872,2,28,0,25.54,1014.95,40.89,227.42,16.94,1
70716,33,71,81,872,2,30,0,25.54,1014.96,40.85,225.87,16.94,1
71712,33,72,82,872,2,27,0,25.54,1014.96,40.83,227.27,16.94,1
72708,34,72,82,872,2,29,0,25.54,1014.96,40.84,226.18,17.02,1
73704,33,71,82,872,2,29,0,25.54,1014.95,40.86,225.56,16.94,1
74700,34,71,82,872,2,28,0,25.54,1014.96,40.87,227.11,16.94,1
75696,33,71,82,872,1,28,0,25.54,1014.96,40.87,227.11,16.94,1
76692,33,71,82,871,2,29,0,25.54,1014.96,40.89,226.18,16.94,1
77688,33,72,82,872,1,28,0,25.54,1014.96,40.90,227.58,17.02,1
78684,33,71,82,872,2,28,0,25.54,1014.95,40.95,225.10,17.02,1
79680,34,71,81,873,2,29,0,25.54,1014.95,41.00,226.18,17.02,1
80676,33,71,82,873,1,29,0,25.54,1014.95,41.04,226.65,17.02,1
81672,34,71,82,874,2,28,0,25.54,1014.95,41.06,225.41,16.94,1
82668,33,71,82,873,2,29,0,25.54,1014.96,41.02,226.96,17.02,1
83664,34,71,82,872,2,27,0,25.54,1014.95,40.96,226.96,17.02,1
84660,33,71,82,873,2,30,0,25.54,1014.95,40.88,226.65,17.02,1
85656,34,71,82,873,2,29,0,25.54,1014.95,40.80,226.49,17.02,1
86652,33,71,82,873,2,29,0,25.54,1014.95,40.74,226.49,17.10,1
87648,33,72,82,873,2,28,0,25.54,1014.94,40.74,228.21,17.10,1
88644,33,71,82,872,1,29,0,25.54,1014.94,40.74,226.49,17.10,1
89640,34,72,83,870,1,29,0,25.54,1014.94,40.76,227.11,17.18,1
90636,34,72,82,870,2,30,0,25.54,1014.93,40.83,227.11,17.18,1
91632,34,71,82,871,2,29,0,25.54,1014.93,40.87,227.11,17.18,1
92628,33,72,82,870,2,29,0,25.54,1014.93,40.92,227.27,17.10,1
93624,33,72,82,871,2,29,0,25.54,1014.94,40.98,226.18,17.10,1
94620,34,72,82,871,1,29,0,25.54,1014.94,41.02,225.41,17.10,1
95616,34,72,82,871,2,30,0,25.55,1014.94,41.05,226.65,17.02,1
96612,34,72,83,870,1,29,0,25.54,1014.95,41.05,226.65,17.10,1
97608,34,71,83,870,2,30,0,25.54,1014.94,41.05,224.79,17.10,1
98604,34,72,83,870,1,29,0,25.54,1014.94,41.06,226.18,17.10,1
99600,34,71,82,870,1,29,0,25.54,1014.94,41.06,226.03,17.18,1
100596,34,72,82,870,1,29,0,25.54,1014.93,41.08,226.03,17.10,1
101592,34,71,83,871,1,29,0,25.54,1014.94,41.12,226.18,17.18,1
102588,33,71,83,871,1,28,0,25.54,1014.93,41.16,224.95,17.18,1
103584,33,71,83,870,2,29,0,25.54,1014.93,41.20,224.34,17.27,1
104580,33,71,82,871,1,28,0,25.54,1014.92,41.24,224.79,17.18,1
105576,33,71,83,871,2,30,0,25.54,1014.93,41.31,225.72,17.10,1
106572,34,72,82,870,2,28,0,25.54,1014.94,41.34,224.95,17.10,1
107568,34,71,83,870,1,29,0,25.55,1014.94,41.36,224.95,17.10,1
108564,33,71,83,870,1,29,0,25.54,1014.94,41.37,223.13,17.18,1
109560,34,71,83,870,1,29,0,25.54,1014.93,41.38,224.49,17.02,1
110556,34,71,83,870,1,29,0,25.54,1014.95,41.34,224.79,17.02,1
111552,34,71,83,870,1,29,0,25.54,1014.95,41.28,225.25,17.02,1
112548,33,72,83,870,1,29,0,25.54,1014.95,41.21,225.10,17.02,1
113544,34,71,83,870,2,27,0,25.54,1014.95,41.16,225.25,17.02,1
114540,34,72,83,871,2,29,0,25.54,1014.95,41.13,224.95,17.02,1
115536,33,71,83,871,2,29,0,25.54,1014.95,41.09,226.33,17.10,1
116532,34,72,83,871,1,29,0,25.54,1014.94,41.06,225.87,17.10,1
117528,34,72,83,871,2,29,0,25.54,1014.94,41.03,226.03,17.10,1
118524,33,72,83,872,2,29,0,25.54,1014.94,41.02,225.56,17.10,1
119520,34,71,83,872,2,29,0,25.54,1014.94,41.02,226.03,17.10,1
120516,34,72,83,872,2,29,0,25.54,1014.94,41.02,224.49,17.10,1
121512,34,72,83,873,2,29,0,25.54,1014.94,41.01,225.87,17.10,1
122508,34,72,83,873,1,29,0,25.54,1014.94,40.97,225.87,17.02,1
123504,34,72,84,872,1,30,0,25.54,1014.95,40.93,226.18,17.10,1
124500,34,72,83,872,2,29,0,25.54,1014.94,40.92,225.87,17.02,1
125496,34,72,83,872,2,30,0,25.54,1014.95,40.96,227.58,17.10,1
126492,34,71,83,872,2,30,0,25.54,1014.94,41.00,225.87,17.10,1
127488,34,72,82,872,2,29,0,25.54,1014.94,41.07,224.95,17.10,1
128484,34,72,83,872,1,30,0,25.54,1014.94,41.14,224.95,17.02,1
129480,34,72,84,873,1,29,0,25.54,1014.95,41.18,223.88,17.02,1
130476,34,71,83,872,2,30,0,25.54,1014.95,41.22,224.95,17.02,1
131472,34,72,83,872,1,29,0,25.54,1014.95,41.25,224.64,16.94,1
132468,34,72,84,872,1,32,0,25.54,1014.96,41.24,224.19,16.94,1
133464,34,72,84,873,2,29,0,25.54,1014.96,41.22,225.10,17.02,1
134460,34,72,84,873,1,29,0,25.54,1014.95,41.17,224.95,17.02,1
135456,34,72,84,874,2,29,0,25.54,1014.95,41.14,225.41,17.02,1
136452,34,72,84,874,1,29,0,25.54,1014.95,41.11,225.25,17.02,1
137448,34,72,84,874,1,29,0,25.54,1014.95,41.12,223.73,17.02,1
138444,34,72,84,875,1,30,0,25.54,1014.95,41.17,223.43,17.02,1
139440,34,72,84,875,1,30,0,25.54,1014.95,41.20,224.03,17.02,1
140436,34,72,83,874,2,29,0,25.54,1014.95,41.25,224.49,17.02,1
141432,34,72,83,875,2,30,0,25.54,1014.95,41.25,225.10,17.02,1
142428,34,71,83,874,1,28,0,25.54,1014.95,41.23,223.43,17.02,1
143424,34,72,84,875,2,29,0,25.54,1014.95,41.18,223.43,17.02,1
144420,34,72,84,874,1,29,0,25.54,1014.95,41.16,224.79,17.02,1
145416,34,71,83,874,1,29,0,25.54,1014.95,41.09,224.34,17.02,1
146412,34,72,83,873,1,29,0,25.54,1014.95,41.08,224.49,17.02,1
147408,34,72,83,873,2,27,0,25.54,1014.95,41.06,224.95,17.02,1
148404,34,72,83,873,2,30,0,25.54,1014.95,41.06,223.73,17.02,1
149400,34,71,83,872,2,30,0,25.54,1014.95,41.09,225.10,17.02,1
150396,34,72,83,872,2,30,0,25.54,1014.95,41.13,222.68,17.02,1
151392,34,72,84,872,1,29,0,25.54,1014.95,41.12,223.28,17.10,1
152388,34,72,84,872,1,30,0,25.54,1014.94,41.12,223.73,17.10,1
153384,34,71,84,872,1,29,0,25.54,1014.94,41.12,223.28,17.10,1
154380,34,72,84,873,2,29,0,25.54,1014.94,41.09,225.87,17.02,1
155376,34,71,83,873,2,29,0,25.54,1014.95,41.06,225.72,17.10,1
156372,34,72,83,873,2,28,0,25.54,1014.94,41.03,225.56,17.10,1
157368,34,72,84,873,2,29,0,25.54,1014.94,40.98,226.49,17.02,1
158364,34,72,83,872,1,29,0,25.54,1014.95,40.94,225.87,17.02,1
159360,34,72,83,873,2,29,0,25.54,1014.95,40.92,225.56,17.02,1
160356,34,71,83,872,2,29,0,25.54,1014.95,40.92,224.95,17.02,1
161352,34,72,83,872,2,29,0,25.54,1014.95,40.93,226.03,17.10,1
162348,34,72,83,872,2,28,0,25.54,1014.94,40.94,225.87,17.10,1
163344,34,72,83,871,1,29,0,25.54,1014.94,40.93,225.10,17.02,1
164340,34,72,83,871,1,30,0,25.54,1014.95,40.96,224.49,17.02,1
165336,34,72,84,870,1,29,0,25.54,1014.95,40.96,225.56,17.02,1
166332,34,72,84,871,1,30,0,25.54,1014.95,40.97,225.87,17.02,1
167328,34,72,84,871,2,29,0,25.54,1014.95,40.99,224.34,17.02,1
168324,34,72,84,870,2,29,0,25.54,1014.95,41.02,224.49,17.02,1
169320,34,71,83,869,3,29,0,25.54,1014.95,41.09,225.25,17.02,1
170316,34,72,83,870,1,29,0,25.54,1014.95,41.12,223.88,17.10,1
171312,34,71,84,869,2,29,0,25.54,1014.94,41.16,224.03,17.10,1
172308,34,72,84,870,2,29,0,25.54,1014.94,41.20,224.49,17.10,1
173304,34,72,84,870,2,30,0,25.54,1014.94,41.22,224.79,17.10,1
174300,34,72,84,870,2,29,0,25.54,1014.94,41.27,224.19,17.02,1
175296,34,72,84,871,1,29,0,25.54,1014.95,41.26,224.64,17.02,1
176292,34,72,84,870,2,31,0,25.54,1014.95,41.21,225.25,17.02,1
177288,34,72,83,870,1,29,0,25.54,1014.95,41.17,222.83,17.02,1
178284,34,72,84,870,2,30,0,25.54,1014.95,41.12,225.41,17.02,1
179280,34,72,84,870,2,30,0,25.54,1014.95,41.12,225.41,17.10,1
180276,34,71,84,870,2,28,0,25.54,1014.94,41.16,224.19,17.02,1
181272,34,71,84,870,1,29,0,25.54,1014.95,41.19,222.83,17.02,1
182268,34,72,84,869,1,30,0,25.54,1014.95,41.20,225.10,17.02,1
183264,34,72,84,868,1,29,0,25.54,1014.95,41.20,223.43,16.94,1
184260,34,71,83,867,1,30,0,25.54,1014.96,41.18,223.43,16.94,1
185256,34,71,84,868,1,30,0,25.54,1014.96,41.18,224.19,16.94,1
186252,34,72,84,868,1,29,0,25.54,1014.96,41.18,225.41,16.94,1
187248,34,71,83,868,2,29,0,25.54,1014.96,41.19,224.19,17.02,1
188244,34,71,84,868,2,29,0,25.54,1014.95,41.20,224.79,16.94,1
189240,34,71,84,869,1,28,0,25.54,1014.96,41.19,224.95,17.02,1
190236,34,71,84,869,2,29,0,25.54,1014.95,41.16,223.43,17.02,1
191232,34,72,84,869,1,29,0,25.54,1014.95,41.13,225.25,16.94,1
192228,34,71,84,869,1,30,0,25.54,1014.96,41.10,225.25,16.94,1
193224,34,72,85,869,2,29,0,25.54,1014.96,41.10,225.25,17.02,1
194220,34,71,84,869,1,30,0,25.54,1014.95,41.10,224.19,17.02,1
195216,34,71,84,868,2,29,0,25.54,1014.95,41.10,223.88,16.94,1
196212,34,71,84,868,2,29,0,25.54,1014.96,41.13,224.79,17.02,1
197208,34,71,84,868,2,28,0,25.54,1014.95,41.16,224.64,17.02,1
198204,34,71,84,867,1,29,0,25.54,1014.95,41.24,223.13,17.02,1
199200,34,71,83,867,1,29,0,25.54,1014.95,41.29,222.83,17.02,1
200196,34,71,84,866,1,29,0,25.54,1014.95,41.35,222.83,17.02,1
201192,34,70,84,866,2,29,0,25.54,1014.95,41.38,223.43,17.10,1
202188,34,71,83,866,2,29,0,25.54,1014.94,41.39,222.53,17.10,1
203184,34,71,83,866,1,30,0,25.54,1014.94,41.36,222.83,17.10,1
204180,34,71,84,867,2,29,0,25.54,1014.94,41.31,224.79,17.10,1
205176,34,71,84,867,1,30,0,25.54,1014.94,41.27,223.13,17.02,1
206172,34,71,84,867,1,29,0,25.54,1014.95,41.24,224.03,16.94,1
207168,34,71,84,867,2,30,0,25.54,1014.96,41.22,223.58,17.02,1
208164,34,72,84,867,2,30,0,25.54,1014.95,41.19,224.64,17.10,1
209160,34,72,84,867,2,30,0,25.54,1014.94,41.15,222.68,17.10,1
210156,34,72,84,867,1,32,0,25.54,1014.94,41.17,224.64,17.10,1
211152,34,72,84,867,1,29,0,25.54,1014.94,41.18,224.19,17.10,1
212148,34,72,84,867,1,29,0,25.54,1014.94,41.16,225.25,17.02,1
213144,33,71,84,868,2,30,0,25.54,1014.95,41.15,223.73,16.94,1
214140,34,72,84,868,1,29,0,25.54,1014.96,41.16,224.03,16.94,1
215136,34,72,84,868,1,30,0,25.54,1014.96,41.21,223.58,17.02,1
216132,34,71,85,869,2,30,0,25.54,1014.95,41.26,222.98,17.02,1
217128,34,72,85,870,2,30,0,25.54,1014.95,41.31,221.93,16.94,1
218124,34,72,85,870,1,30,0,25.54,1014.96,41.40,221.93,16.94,1
219120,34,72,85,871,2,29,0,25.54,1014.96,41.44,221.33,16.94,1
220116,34,72,84,870,2,30,0,25.54,1014.96,41.44,221.93,16.94,1
221112,34,72,85,871,1,30,0,25.54,1014.96,41.45,222.38,16.94,1
222108,34,72,85,870,2,29,0,25.54,1014.96,41.47,221.63,16.94,1
223104,34,72,84,870,2,30,0,25.54,1014.96,41.47,221.63,17.02,1
224100,35,72,84,870,2,30,0,25.54,1014.95,41.47,221.33,17.02,1
225096,34,72,85,871,2,30,0,25.54,1014.95,41.46,221.93,17.02,1
226092,34,72,85,869,2,30,0,25.54,1014.95,41.43,220.74,17.02,1
227088,34,72,85,870,2,30,0,25.54,1014.95,41.41,222.53,17.02,1
228084,34,72,85,870,2,30,0,25.54,1014.95,41.43,221.48,17.02,1
229080,35,72,85,871,1,32,0,25.54,1014.95,41.48,221.48,16.94,1
230076,34,72,85,870,1,28,0,25.54,1014.96,41.53,222.53,16.94,1
231072,34,72,85,870,2,30,0,25.54,1014.96,41.56,222.23,16.94,1
232068,34,72,85,871,2,30,0,25.54,1014.96,41.57,220.15,16.94,1
233064,34,71,85,870,2,30,0,25.54,1014.96,41.55,220.30,16.85,1
234060,34,72,85,871,1,30,0,25.54,1014.97,41.50,221.63,16.85,1
235056,35,72,85,872,2,30,0,25.54,1014.97,41.48,221.78,16.85,1
236052,34,72,85,872,2,28,0,25.54,1014.97,41.48,220.89,16.85,1
237048,34,72,85,872,1,29,0,25.54,1014.97,41.51,221.04,16.85,1
238044,34,72,85,872,1,29,0,25.54,1014.97,41.55,221.93,16.94,1
239040,34,71,85,872,2,28,0,25.54,1014.96,41.59,219.86,16.94,1
240036,34,72,85,872,2,29,0,25.54,1014.96,41.67,219.86,16.94,1
